1;1;100000000 
1;2;26 
1;3;82 
1;4;65 
1;5;102 
1;6;100 
1;7;147 
1;8;134 
1;9;69 
1;10;117 
1;11;125 
1;12;38 
1;13;40 
1;14;13 
1;15;38 
1;16;31 
1;17;22 
1;18;103 
1;19;143 
1;20;94 
1;21;104 
1;22;123 
1;23;140 
1;24;98 
1;25;58 
1;26;38 
1;27;30 
1;28;67 
1;29;120 
1;30;149 
1;31;100 
1;32;141 
1;33;93 
1;34;162 
1;35;62 
1;36;66 
2;1;66 
2;2;100000000 
2;3;56 
2;4;39 
2;5;76 
2;6;109 
2;7;156 
2;8;140 
2;9;135 
2;10;183 
2;11;190 
2;12;104 
2;13;76 
2;14;79 
2;15;104 
2;16;97 
2;17;88 
2;18;130 
2;19;176 
2;20;121 
2;21;131 
2;22;150 
2;23;167 
2;24;125 
2;25;85 
2;26;65 
2;27;57 
2;28;94 
2;29;147 
2;30;160 
2;31;80 
2;32;162 
2;33;67 
2;34;189 
2;35;128 
2;36;40 
3;1;43 
3;2;57 
3;3;100000000 
3;4;16 
3;5;20 
3;6;53 
3;7;100 
3;8;84 
3;9;107 
3;10;155 
3;11;168 
3;12;81 
3;13;53 
3;14;56 
3;15;81 
3;16;74 
3;17;65 
3;18;146 
3;19;186 
3;20;137 
3;21;147 
3;22;166 
3;23;183 
3;24;141 
3;25;101 
3;26;81 
3;27;73 
3;28;110 
3;29;163 
3;30;164 
3;31;102 
3;32;166 
3;33;71 
3;34;205 
3;35;105 
3;36;62 
4;1;27 
4;2;41 
4;3;62 
4;4;100000000 
4;5;82 
4;6;97 
4;7;144 
4;8;131 
4;9;96 
4;10;144 
4;11;152 
4;12;65 
4;13;37 
4;14;40 
4;15;65 
4;16;58 
4;17;49 
4;18;130 
4;19;170 
4;20;121 
4;21;131 
4;22;150 
4;23;167 
4;24;125 
4;25;85 
4;26;65 
4;27;57 
4;28;94 
4;29;147 
4;30;166 
4;31;86 
4;32;168 
4;33;73 
4;34;189 
4;35;89 
4;36;46 
5;1;106 
5;2;120 
5;3;63 
5;4;79 
5;5;100000000 
5;6;33 
5;7;80 
5;8;64 
5;9;87 
5;10;135 
5;11;208 
5;12;130 
5;13;116 
5;14;119 
5;15;144 
5;16;137 
5;17;128 
5;18;209 
5;19;226 
5;20;200 
5;21;189 
5;22;208 
5;23;195 
5;24;153 
5;25;164 
5;26;144 
5;27;136 
5;28;122 
5;29;175 
5;30;144 
5;31;107 
5;32;146 
5;33;51 
5;34;268 
5;35;93 
5;36;83 
6;1;109 
6;2;135 
6;3;161 
6;4;174 
6;5;142 
6;6;100000000 
6;7;47 
6;8;34 
6;9;54 
6;10;102 
6;11;175 
6;12;97 
6;13;97 
6;14;96 
6;15;128 
6;16;135 
6;17;131 
6;18;198 
6;19;193 
6;20;203 
6;21;213 
6;22;232 
6;23;249 
6;24;207 
6;25;167 
6;26;147 
6;27;139 
6;28;176 
6;29;229 
6;30;222 
6;31;204 
6;32;224 
6;33;148 
6;34;235 
6;35;60 
6;36;175 
7;1;157 
7;2;171 
7;3;114 
7;4;130 
7;5;95 
7;6;60 
7;7;100000000 
7;8;40 
7;9;114 
7;10;162 
7;11;235 
7;12;157 
7;13;157 
7;14;156 
7;15;188 
7;16;188 
7;17;179 
7;18;258 
7;19;253 
7;20;251 
7;21;239 
7;22;258 
7;23;245 
7;24;203 
7;25;215 
7;26;195 
7;27;187 
7;28;172 
7;29;207 
7;30;175 
7;31;157 
7;32;177 
7;33;101 
7;34;295 
7;35;120 
7;36;133 
8;1;143 
8;2;169 
8;3;132 
8;4;148 
8;5;113 
8;6;34 
8;7;31 
8;8;100000000 
8;9;88 
8;10;133 
8;11;209 
8;12;131 
8;13;131 
8;14;130 
8;15;162 
8;16;169 
8;17;165 
8;18;232 
8;19;227 
8;20;237 
8;21;247 
8;22;266 
8;23;263 
8;24;221 
8;25;201 
8;26;181 
8;27;173 
8;28;190 
8;29;225 
8;30;193 
8;31;175 
8;32;195 
8;33;119 
8;34;269 
8;35;94 
8;36;151 
9;1;95 
9;2;121 
9;3;177 
9;4;160 
9;5;196 
9;6;54 
9;7;101 
9;8;88 
9;9;100000000 
9;10;48 
9;11;158 
9;12;83 
9;13;83 
9;14;82 
9;15;114 
9;16;121 
9;17;117 
9;18;184 
9;19;179 
9;20;189 
9;21;199 
9;22;218 
9;23;235 
9;24;193 
9;25;153 
9;26;133 
9;27;125 
9;28;162 
9;29;215 
9;30;244 
9;31;195 
9;32;236 
9;33;188 
9;34;221 
9;35;46 
9;36;161 
10;1;79 
10;2;105 
10;3;161 
10;4;144 
10;5;181 
10;6;91 
10;7;138 
10;8;125 
10;9;37 
10;10;100000000 
10;11;114 
10;12;67 
10;13;67 
10;14;66 
10;15;98 
10;16;105 
10;17;101 
10;18;137 
10;19;132 
10;20;149 
10;21;183 
10;22;202 
10;23;219 
10;24;177 
10;25;137 
10;26;117 
10;27;109 
10;28;146 
10;29;199 
10;30;228 
10;31;179 
10;32;220 
10;33;172 
10;34;174 
10;35;57 
10;36;145 
11;1;204 
11;2;230 
11;3;286 
11;4;269 
11;5;306 
11;6;216 
11;7;255 
11;8;237 
11;9;162 
11;10;125 
11;11;100000000 
11;12;192 
11;13;192 
11;14;191 
11;15;223 
11;16;230 
11;17;226 
11;18;144 
11;19;139 
11;20;156 
11;21;184 
11;22;165 
11;23;230 
11;24;215 
11;25;249 
11;26;242 
11;27;234 
11;28;251 
11;29;282 
11;30;332 
11;31;297 
11;32;325 
11;33;297 
11;34;113 
11;35;182 
11;36;270 
12;1;38 
12;2;64 
12;3;120 
12;4;103 
12;5;140 
12;6;88 
12;7;135 
12;8;122 
12;9;57 
12;10;105 
12;11;87 
12;12;100000000 
12;13;28 
12;14;25 
12;15;31 
12;16;38 
12;17;47 
12;18;110 
12;19;105 
12;20;122 
12;21;142 
12;22;161 
12;23;178 
12;24;136 
12;25;96 
12;26;76 
12;27;68 
12;28;105 
12;29;158 
12;30;187 
12;31;138 
12;32;179 
12;33;131 
12;34;147 
12;35;50 
12;36;104 
13;1;151 
13;2;177 
13;3;221 
13;4;216 
13;5;202 
13;6;60 
13;7;107 
13;8;94 
13;9;96 
13;10;144 
13;11;217 
13;12;139 
13;13;100000000 
13;14;138 
13;15;170 
13;16;177 
13;17;173 
13;18;240 
13;19;235 
13;20;245 
13;21;255 
13;22;274 
13;23;291 
13;24;249 
13;25;209 
13;26;189 
13;27;181 
13;28;218 
13;29;271 
13;30;282 
13;31;251 
13;32;284 
13;33;208 
13;34;277 
13;35;102 
13;36;217 
14;1;13 
14;2;39 
14;3;95 
14;4;78 
14;5;115 
14;6;87 
14;7;134 
14;8;121 
14;9;56 
14;10;104 
14;11;112 
14;12;25 
14;13;27 
14;14;100000000 
14;15;32 
14;16;39 
14;17;35 
14;18;116 
14;19;130 
14;20;107 
14;21;117 
14;22;136 
14;23;153 
14;24;111 
14;25;71 
14;26;51 
14;27;43 
14;28;80 
14;29;133 
14;30;162 
14;31;113 
14;32;154 
14;33;106 
14;34;172 
14;35;49 
14;36;79 
15;1;38 
15;2;48 
15;3;104 
15;4;87 
15;5;124 
15;6;119 
15;7;166 
15;8;153 
15;9;88 
15;10;136 
15;11;118 
15;12;31 
15;13;59 
15;14;32 
15;15;100000000 
15;16;7 
15;17;16 
15;18;123 
15;19;136 
15;20;114 
15;21;124 
15;22;143 
15;23;160 
15;24;118 
15;25;78 
15;26;58 
15;27;50 
15;28;87 
15;29;140 
15;30;169 
15;31;120 
15;32;161 
15;33;115 
15;34;178 
15;35;81 
15;36;88 
16;1;31 
16;2;41 
16;3;97 
16;4;80 
16;5;117 
16;6;115 
16;7;162 
16;8;149 
16;9;84 
16;10;132 
16;11;114 
16;12;27 
16;13;55 
16;14;28 
16;15;7 
16;16;100000000 
16;17;9 
16;18;116 
16;19;132 
16;20;107 
16;21;117 
16;22;136 
16;23;153 
16;24;111 
16;25;71 
16;26;51 
16;27;43 
16;28;80 
16;29;133 
16;30;162 
16;31;113 
16;32;154 
16;33;108 
16;34;174 
16;35;77 
16;36;81 
17;1;22 
17;2;32 
17;3;88 
17;4;71 
17;5;108 
17;6;122 
17;7;169 
17;8;156 
17;9;91 
17;10;139 
17;11;123 
17;12;36 
17;13;62 
17;14;35 
17;15;16 
17;16;9 
17;17;100000000 
17;18;107 
17;19;141 
17;20;98 
17;21;108 
17;22;127 
17;23;144 
17;24;102 
17;25;62 
17;26;42 
17;27;34 
17;28;71 
17;29;124 
17;30;153 
17;31;104 
17;32;145 
17;33;99 
17;34;166 
17;35;84 
17;36;72 
18;1;108 
18;2;134 
18;3;190 
18;4;173 
18;5;210 
18;6;133 
18;7;180 
18;8;167 
18;9;93 
18;10;113 
18;11;60 
18;12;96 
18;13;96 
18;14;95 
18;15;127 
18;16;134 
18;17;130 
18;18;100000000 
18;19;46 
18;20;63 
18;21;116 
18;22;135 
18;23;162 
18;24;147 
18;25;166 
18;26;146 
18;27;138 
18;28;175 
18;29;221 
18;30;257 
18;31;208 
18;32;249 
18;33;201 
18;34;120 
18;35;86 
18;36;174 
19;1;127 
19;2;153 
19;3;209 
19;4;192 
19;5;229 
19;6;152 
19;7;199 
19;8;186 
19;9;112 
19;10;132 
19;11;79 
19;12;115 
19;13;115 
19;14;114 
19;15;146 
19;16;153 
19;17;149 
19;18;19 
19;19;100000000 
19;20;17 
19;21;70 
19;22;89 
19;23;116 
19;24;101 
19;25;135 
19;26;148 
19;27;157 
19;28;137 
19;29;175 
19;30;219 
19;31;183 
19;32;211 
19;33;220 
19;34;85 
19;35;105 
19;36;193 
20;1;153 
20;2;179 
20;3;235 
20;4;218 
20;5;255 
20;6;178 
20;7;225 
20;8;212 
20;9;138 
20;10;158 
20;11;105 
20;12;141 
20;13;141 
20;14;140 
20;15;172 
20;16;179 
20;17;175 
20;18;45 
20;19;57 
20;20;100000000 
20;21;53 
20;22;72 
20;23;99 
20;24;84 
20;25;118 
20;26;131 
20;27;183 
20;28;120 
20;29;158 
20;30;202 
20;31;166 
20;32;194 
20;33;241 
20;34;68 
20;35;131 
20;36;214 
21;1;179 
21;2;165 
21;3;199 
21;4;204 
21;5;219 
21;6;243 
21;7;290 
21;8;277 
21;9;203 
21;10;223 
21;11;165 
21;12;206 
21;13;206 
21;14;192 
21;15;199 
21;16;192 
21;17;183 
21;18;110 
21;19;112 
21;20;82 
21;21;100000000 
21;22;19 
21;23;46 
21;24;31 
21;25;65 
21;26;78 
21;27;149 
21;28;67 
21;29;105 
21;30;149 
21;31;113 
21;32;141 
21;33;188 
21;34;95 
21;35;196 
21;36;161 
22;1;212 
22;2;205 
22;3;239 
22;4;244 
22;5;259 
22;6;237 
22;7;284 
22;8;271 
22;9;197 
22;10;217 
22;11;146 
22;12;200 
22;13;200 
22;14;199 
22;15;231 
22;16;232 
22;17;223 
22;18;104 
22;19;93 
22;20;63 
22;21;40 
22;22;100000000 
22;23;67 
22;24;71 
22;25;105 
22;26;118 
22;27;189 
22;28;107 
22;29;117 
22;30;167 
22;31;153 
22;32;181 
22;33;228 
22;34;76 
22;35;190 
22;36;201 
23;1;184 
23;2;170 
23;3;204 
23;4;209 
23;5;224 
23;6;248 
23;7;295 
23;8;282 
23;9;208 
23;10;228 
23;11;175 
23;12;211 
23;13;211 
23;14;197 
23;15;204 
23;16;197 
23;17;188 
23;18;115 
23;19;150 
23;20;106 
23;21;72 
23;22;57 
23;23;100000000 
23;24;36 
23;25;70 
23;26;83 
23;27;154 
23;28;72 
23;29;59 
23;30;109 
23;31;118 
23;32;146 
23;33;193 
23;34;133 
23;35;201 
23;36;166 
24;1;148 
24;2;134 
24;3;168 
24;4;173 
24;5;188 
24;6;212 
24;7;259 
24;8;246 
24;9;172 
24;10;192 
24;11;139 
24;12;175 
24;13;175 
24;14;161 
24;15;168 
24;16;161 
24;17;152 
24;18;79 
24;19;125 
24;20;70 
24;21;36 
24;22;55 
24;23;82 
24;24;100000000 
24;25;34 
24;26;47 
24;27;118 
24;28;36 
24;29;89 
24;30;118 
24;31;82 
24;32;110 
24;33;157 
24;34;131 
24;35;165 
24;36;130 
25;1;153 
25;2;146 
25;3;180 
25;4;185 
25;5;200 
25;6;178 
25;7;225 
25;8;212 
25;9;138 
25;10;158 
25;11;105 
25;12;141 
25;13;141 
25;14;140 
25;15;172 
25;16;173 
25;17;164 
25;18;45 
25;19;91 
25;20;36 
25;21;46 
25;22;65 
25;23;92 
25;24;77 
25;25;100000000 
25;26;59 
25;27;130 
25;28;48 
25;29;101 
25;30;130 
25;31;94 
25;32;122 
25;33;169 
25;34;104 
25;35;131 
25;36;142 
26;1;173 
26;2;166 
26;3;200 
26;4;205 
26;5;220 
26;6;198 
26;7;245 
26;8;232 
26;9;158 
26;10;178 
26;11;125 
26;12;161 
26;13;161 
26;14;160 
26;15;192 
26;16;193 
26;17;184 
26;18;65 
26;19;111 
26;20;56 
26;21;66 
26;22;85 
26;23;112 
26;24;97 
26;25;20 
26;26;100000000 
26;27;150 
26;28;68 
26;29;121 
26;30;150 
26;31;114 
26;32;142 
26;33;189 
26;34;124 
26;35;151 
26;36;162 
27;1;30 
27;2;16 
27;3;72 
27;4;55 
27;5;92 
27;6;125 
27;7;172 
27;8;156 
27;9;99 
27;10;147 
27;11;133 
27;12;68 
27;13;70 
27;14;43 
27;15;50 
27;16;43 
27;17;34 
27;18;73 
27;19;119 
27;20;64 
27;21;74 
27;22;93 
27;23;110 
27;24;68 
27;25;28 
27;26;8 
27;27;100000000 
27;28;37 
27;29;90 
27;30;119 
27;31;70 
27;32;111 
27;33;83 
27;34;132 
27;35;92 
27;36;56 
28;1;112 
28;2;98 
28;3;132 
28;4;137 
28;5;152 
28;6;185 
28;7;232 
28;8;216 
28;9;181 
28;10;223 
28;11;170 
28;12;150 
28;13;152 
28;14;125 
28;15;132 
28;16;125 
28;17;116 
28;18;110 
28;19;156 
28;20;101 
28;21;67 
28;22;86 
28;23;73 
28;24;31 
28;25;65 
28;26;78 
28;27;82 
28;28;100000000 
28;29;53 
28;30;82 
28;31;46 
28;32;74 
28;33;121 
28;34;162 
28;35;174 
28;36;94 
29;1;144 
29;2;130 
29;3;164 
29;4;169 
29;5;184 
29;6;217 
29;7;256 
29;8;225 
29;9;213 
29;10;261 
29;11;234 
29;12;182 
29;13;184 
29;14;157 
29;15;164 
29;16;157 
29;17;148 
29;18;174 
29;19;209 
29;20;165 
29;21;131 
29;22;116 
29;23;59 
29;24;95 
29;25;129 
29;26;122 
29;27;114 
29;28;93 
29;29;100000000 
29;30;50 
29;31;78 
29;32;92 
29;33;147 
29;34;192 
29;35;206 
29;36;126 
30;1;94 
30;2;80 
30;3;114 
30;4;119 
30;5;134 
30;6;167 
30;7;214 
30;8;198 
30;9;163 
30;10;211 
30;11;197 
30;12;132 
30;13;134 
30;14;107 
30;15;114 
30;16;107 
30;17;98 
30;18;137 
30;19;183 
30;20;128 
30;21;110 
30;22;129 
30;23;81 
30;24;74 
30;25;92 
30;26;72 
30;27;64 
30;28;43 
30;29;57 
30;30;100000000 
30;31;28 
30;32;56 
30;33;103 
30;34;196 
30;35;156 
30;36;76 
31;1;66 
31;2;52 
31;3;101 
31;4;91 
31;5;121 
31;6;154 
31;7;201 
31;8;185 
31;9;135 
31;10;183 
31;11;169 
31;12;104 
31;13;106 
31;14;79 
31;15;86 
31;16;79 
31;17;70 
31;18;109 
31;19;155 
31;20;100 
31;21;82 
31;22;101 
31;23;88 
31;24;46 
31;25;64 
31;26;44 
31;27;36 
31;28;15 
31;29;68 
31;30;97 
31;31;100000000 
31;32;89 
31;33;90 
31;34;168 
31;35;128 
31;36;63 
32;1;129 
32;2;124 
32;3;86 
32;4;102 
32;5;106 
32;6;139 
32;7;186 
32;8;170 
32;9;193 
32;10;241 
32;11;241 
32;12;167 
32;13;139 
32;14;142 
32;15;158 
32;16;151 
32;17;142 
32;18;181 
32;19;227 
32;20;172 
32;21;154 
32;22;173 
32;23;160 
32;24;118 
32;25;136 
32;26;116 
32;27;108 
32;28;87 
32;29;140 
32;30;168 
32;31;72 
32;32;100000000 
32;33;75 
32;34;240 
32;35;191 
32;36;48 
33;1;113 
33;2;108 
33;3;70 
33;4;86 
33;5;51 
33;6;84 
33;7;131 
33;8;115 
33;9;138 
33;10;186 
33;11;225 
33;12;151 
33;13;123 
33;14;126 
33;15;142 
33;16;135 
33;17;126 
33;18;165 
33;19;211 
33;20;156 
33;21;138 
33;22;157 
33;23;144 
33;24;102 
33;25;120 
33;26;100 
33;27;92 
33;28;71 
33;29;124 
33;30;93 
33;31;56 
33;32;95 
33;33;100000000 
33;34;224 
33;35;144 
33;36;32 
34;1;146 
34;2;172 
34;3;228 
34;4;211 
34;5;248 
34;6;171 
34;7;218 
34;8;205 
34;9;131 
34;10;151 
34;11;80 
34;12;134 
34;13;134 
34;14;133 
34;15;165 
34;16;172 
34;17;168 
34;18;38 
34;19;27 
34;20;44 
34;21;75 
34;22;76 
34;23;121 
34;24;106 
34;25;140 
34;26;153 
34;27;176 
34;28;142 
34;29;180 
34;30;224 
34;31;188 
34;32;216 
34;33;239 
34;34;100000000 
34;35;124 
34;36;212 
35;1;102 
35;2;128 
35;3;184 
35;4;167 
35;5;203 
35;6;61 
35;7;108 
35;8;95 
35;9;7 
35;10;55 
35;11;165 
35;12;90 
35;13;90 
35;14;89 
35;15;121 
35;16;128 
35;17;124 
35;18;191 
35;19;186 
35;20;196 
35;21;206 
35;22;225 
35;23;242 
35;24;200 
35;25;160 
35;26;140 
35;27;132 
35;28;169 
35;29;222 
35;30;251 
35;31;202 
35;32;243 
35;33;195 
35;34;228 
35;35;100000000 
35;36;168 
36;1;81 
36;2;95 
36;3;38 
36;4;54 
36;5;58 
36;6;91 
36;7;138 
36;8;122 
36;9;145 
36;10;193 
36;11;206 
36;12;119 
36;13;91 
36;14;94 
36;15;119 
36;16;112 
36;17;103 
36;18;184 
36;19;224 
36;20;175 
36;21;165 
36;22;184 
36;23;171 
36;24;129 
36;25;139 
36;26;119 
36;27;111 
36;28;98 
36;29;151 
36;30;120 
36;31;83 
36;32;122 
36;33;27 
36;34;243 
36;35;143 
36;36;0 
z 
1 
2 
3 
4 
5 
6 
7 
8 
9 
10 
11 
12 
13 
14 
15 
16 
17 
18 
19 
20 
21 
22 
23 
24 
25 
26 
27 
28 
29 
30 
31 
32 
33 
34 
35 
36 